Vertices
0.000000 2.000000 0.000000 0.414944 0.909847 -0.000000
0.000000 2.000000 -0.000000 0.383358 0.909847 -0.158792
0.000000 2.000000 -0.000000 0.293409 0.909847 -0.293409
0.000000 2.000000 -0.000000 0.158792 0.909847 -0.383358
0.000000 2.000000 -0.000000 0.000000 0.909847 -0.414944
-0.000000 2.000000 -0.000000 -0.158792 0.909847 -0.383358
-0.000000 2.000000 -0.000000 -0.293409 0.909847 -0.293409
-0.000000 2.000000 -0.000000 -0.383358 0.909847 -0.158792
-0.000000 2.000000 -0.000000 -0.414944 0.909847 -0.000000
-0.000000 2.000000 0.000000 -0.383358 0.909847 0.158792
-0.000000 2.000000 0.000000 -0.293409 0.909847 0.293409
-0.000000 2.000000 0.000000 -0.158792 0.909847 0.383358
-0.000000 2.000000 0.000000 -0.000000 0.909847 0.414944
0.000000 2.000000 0.000000 0.158792 0.909847 0.383358
0.000000 2.000000 0.000000 0.293409 0.909847 0.293409
0.000000 2.000000 0.000000 0.383358 0.909847 0.158792
0.138457 1.936855 0.000000 0.420873 0.907119 -0.000000
0.127918 1.936855 -0.052985 0.388836 0.907119 -0.161061
0.097904 1.936855 -0.097904 0.297602 0.907119 -0.297602
0.052985 1.936855 -0.127918 0.161061 0.907119 -0.388836
0.000000 1.936855 -0.138457 0.000000 0.907119 -0.420873
-0.052985 1.936855 -0.127918 -0.161061 0.907119 -0.388836
-0.097904 1.936855 -0.097904 -0.297602 0.907119 -0.297602
-0.127918 1.936855 -0.052985 -0.388836 0.907119 -0.161061
-0.138457 1.936855 -0.000000 -0.420873 0.907119 0.000000
-0.127918 1.936855 0.052985 -0.388836 0.907119 0.161061
-0.097904 1.936855 0.097904 -0.297602 0.907119 0.297602
-0.052985 1.936855 0.127918 -0.161061 0.907119 0.388836
-0.000000 1.936855 0.138457 -0.000000 0.907119 0.420873
0.052985 1.936855 0.127918 0.161061 0.907119 0.388836
0.097904 1.936855 0.097904 0.297602 0.907119 0.297602
0.127918 1.936855 0.052985 0.388836 0.907119 0.161061
0.275156 1.872344 0.000000 0.440264 0.897869 0.000000
0.254211 1.872344 -0.105298 0.406751 0.897869 -0.168482
0.194565 1.872344 -0.194565 0.311313 0.897869 -0.311313
0.105298 1.872344 -0.254211 0.168482 0.897869 -0.406751
0.000000 1.872344 -0.275156 0.000000 0.897869 -0.440264
-0.105298 1.872344 -0.254211 -0.168482 0.897869 -0.406751
-0.194565 1.872344 -0.194565 -0.311313 0.897869 -0.311313
-0.254211 1.872344 -0.105298 -0.406751 0.897869 -0.168482
-0.275156 1.872344 -0.000000 -0.440264 0.897869 -0.000000
-0.254211 1.872344 0.105298 -0.406751 0.897869 0.168482
-0.194565 1.872344 0.194565 -0.311313 0.897869 0.311313
-0.105298 1.872344 0.254211 -0.168482 0.897869 0.406751
-0.000000 1.872344 0.275156 -0.000000 0.897869 0.440264
0.105298 1.872344 0.254211 0.168482 0.897869 0.406751
0.194565 1.872344 0.194565 0.311313 0.897869 0.311313
0.254211 1.872344 0.105298 0.406751 0.897869 0.168482
0.407988 1.804727 0.000000 0.468982 0.883208 0.000000
0.376932 1.804727 -0.156130 0.433283 0.883208 -0.179472
0.288491 1.804727 -0.288491 0.331620 0.883208 -0.331620
0.156130 1.804727 -0.376932 0.179472 0.883208 -0.433283
-0.000000 1.804727 -0.407988 0.000000 0.883208 -0.468982
-0.156130 1.804727 -0.376932 -0.179472 0.883208 -0.433283
-0.288491 1.804727 -0.288491 -0.331620 0.883208 -0.331620
-0.376932 1.804727 -0.156130 -0.433283 0.883208 -0.179472
-0.407988 1.804727 -0.000000 -0.468982 0.883208 -0.000000
-0.376932 1.804727 0.156130 -0.433283 0.883208 0.179472
-0.288491 1.804727 0.288491 -0.331620 0.883208 0.331620
-0.156130 1.804727 0.376932 -0.179472 0.883208 0.433283
-0.000000 1.804727 0.407988 -0.000000 0.883208 0.468982
0.156130 1.804727 0.376932 0.179472 0.883208 0.433283
0.288491 1.804727 0.288491 0.331620 0.883208 0.331620
0.376932 1.804727 0.156130 0.433283 0.883208 0.179472
0.536250 1.733750 0.000000 0.496965 0.867771 0.000000
0.495430 1.733750 -0.205214 0.459136 0.867771 -0.190180
0.379186 1.733750 -0.379186 0.351407 0.867771 -0.351407
0.205214 1.733750 -0.495430 0.190180 0.867771 -0.459136
-0.000000 1.733750 -0.536250 -0.000000 0.867771 -0.496965
-0.205214 1.733750 -0.495430 -0.190180 0.867771 -0.459136
-0.379186 1.733750 -0.379186 -0.351407 0.867771 -0.351407
-0.495430 1.733750 -0.205214 -0.459136 0.867771 -0.190180
-0.536250 1.733750 -0.000000 -0.496965 0.867771 -0.000000
-0.495430 1.733750 0.205214 -0.459136 0.867771 0.190180
-0.379186 1.733750 0.379186 -0.351407 0.867771 0.351407
-0.205214 1.733750 0.495430 -0.190180 0.867771 0.459136
-0.000000 1.733750 0.536250 -0.000000 0.867771 0.496965
0.205214 1.733750 0.495430 0.190180 0.867771 0.459136
0.379186 1.733750 0.379186 0.351407 0.867771 0.351407
0.495430 1.733750 0.205214 0.459136 0.867771 0.190180
0.660293 1.660273 0.000000 0.544051 0.839052 0.000000
0.610031 1.660273 -0.252683 0.502638 0.839052 -0.208199
0.466898 1.660273 -0.466898 0.384702 0.839052 -0.384702
0.252683 1.660273 -0.610031 0.208199 0.839052 -0.502638
-0.000000 1.660273 -0.660293 -0.000000 0.839052 -0.544051
-0.252683 1.660273 -0.610031 -0.208199 0.839052 -0.502638
-0.466898 1.660273 -0.466898 -0.384702 0.839052 -0.384702
-0.610031 1.660273 -0.252683 -0.502638 0.839052 -0.208199
-0.660293 1.660273 -0.000000 -0.544051 0.839052 -0.000000
-0.610031 1.660273 0.252683 -0.502638 0.839052 0.208199
-0.466898 1.660273 0.466898 -0.384702 0.839052 0.384702
-0.252683 1.660273 0.610031 -0.208199 0.839052 0.502638
-0.000000 1.660273 0.660293 -0.000000 0.839052 0.544051
0.252683 1.660273 0.610031 0.208199 0.839052 0.502638
0.466898 1.660273 0.466898 0.384702 0.839052 0.384702
0.610031 1.660273 0.252683 0.502638 0.839052 0.208199
0.774844 1.579219 0.000000 0.622383 0.782713 0.000000
0.715862 1.579219 -0.296520 0.575007 0.782713 -0.238176
0.547897 1.579219 -0.547897 0.440091 0.782713 -0.440091
0.296520 1.579219 -0.715862 0.238176 0.782713 -0.575007
-0.000000 1.579219 -0.774844 -0.000000 0.782713 -0.622383
-0.296520 1.579219 -0.715862 -0.238176 0.782713 -0.575007
-0.547897 1.579219 -0.547897 -0.440091 0.782713 -0.440091
-0.715862 1.579219 -0.296520 -0.575007 0.782713 -0.238176
-0.774844 1.579219 0.000000 -0.622383 0.782713 -0.000000
-0.715862 1.579219 0.296520 -0.575007 0.782713 0.238176
-0.547897 1.579219 0.547897 -0.440091 0.782713 0.440091
-0.296520 1.579219 0.715862 -0.238176 0.782713 0.575007
-0.000000 1.579219 0.774844 -0.000000 0.782713 0.622383
0.296520 1.579219 0.715862 0.238176 0.782713 0.575007
0.547897 1.579219 0.547897 0.440091 0.782713 0.440091
0.715862 1.579219 0.296520 0.575007 0.782713 0.238176
0.877090 1.488105 0.000000 0.732538 0.680726 0.000000
0.810325 1.488105 -0.335648 0.676777 0.680726 -0.280330
0.620196 1.488105 -0.620196 0.517983 0.680726 -0.517983
0.335648 1.488105 -0.810325 0.280330 0.680726 -0.676777
-0.000000 1.488105 -0.877090 0.000000 0.680726 -0.732538
-0.335648 1.488105 -0.810325 -0.280330 0.680726 -0.676777
-0.620196 1.488105 -0.620196 -0.517983 0.680726 -0.517983
-0.810325 1.488105 -0.335648 -0.676777 0.680726 -0.280330
-0.877090 1.488105 -0.000000 -0.732538 0.680726 -0.000000
-0.810325 1.488105 0.335648 -0.676777 0.680726 0.280330
-0.620196 1.488105 0.620196 -0.517983 0.680726 0.517983
-0.335648 1.488105 0.810325 -0.280330 0.680726 0.676777
-0.000000 1.488105 0.877090 -0.000000 0.680726 0.732538
0.335648 1.488105 0.810325 0.280330 0.680726 0.676777
0.620196 1.488105 0.620196 0.517983 0.680726 0.517983
0.810325 1.488105 0.335648 0.676777 0.680726 0.280330
0.960000 1.380000 0.000000 0.873261 0.487253 0.000000
0.886924 1.380000 -0.367376 0.806788 0.487253 -0.334183
0.678823 1.380000 -0.678823 0.617489 0.487253 -0.617489
0.367376 1.380000 -0.886924 0.334183 0.487253 -0.806788
0.000000 1.380000 -0.960000 0.000000 0.487253 -0.873261
-0.367376 1.380000 -0.886924 -0.334183 0.487253 -0.806788
-0.678823 1.380000 -0.678823 -0.617489 0.487253 -0.617489
-0.886924 1.380000 -0.367376 -0.806788 0.487253 -0.334183
-0.960000 1.380000 0.000000 -0.873261 0.487253 -0.000000
-0.886924 1.380000 0.367376 -0.806788 0.487253 0.334183
-0.678823 1.380000 0.678823 -0.617489 0.487253 0.617489
-0.367376 1.380000 0.886924 -0.334183 0.487253 0.806788
-0.000000 1.380000 0.960000 -0.000000 0.487253 0.873261
0.367376 1.380000 0.886924 0.334183 0.487253 0.806788
0.678823 1.380000 0.678823 0.617489 0.487253 0.617489
0.886924 1.380000 0.367376 0.806788 0.487253 0.334183
1.011973 1.243145 0.000000 0.959938 0.280213 0.000000
0.934941 1.243145 -0.387265 0.886867 0.280213 -0.367352
0.715573 1.243145 -0.715573 0.678779 0.280213 -0.678779
0.387265 1.243145 -0.934941 0.367352 0.280213 -0.886867
0.000000 1.243145 -1.011973 0.000000 0.280213 -0.959938
-0.387265 1.243145 -0.934941 -0.367352 0.280213 -0.886867
-0.715573 1.243145 -0.715573 -0.678779 0.280213 -0.678779
-0.934941 1.243145 -0.387265 -0.886867 0.280213 -0.367352
-1.011973 1.243145 -0.000000 -0.959938 0.280213 -0.000000
-0.934941 1.243145 0.387265 -0.886867 0.280213 0.367352
-0.715573 1.243145 0.715573 -0.678779 0.280213 0.678779
-0.387265 1.243145 0.934941 -0.367352 0.280213 0.886867
-0.000000 1.243145 1.011973 -0.000000 0.280213 0.959938
0.387265 1.243145 0.934941 0.367352 0.280213 0.886867
0.715573 1.243145 0.715573 0.678779 0.280213 0.678779
0.934941 1.243145 0.387265 0.886867 0.280213 0.367352
1.043906 1.089531 0.000000 0.987452 0.157922 0.000000
0.964444 1.089531 -0.399486 0.912286 0.157922 -0.377881
0.738153 1.089531 -0.738153 0.698234 0.157922 -0.698234
0.399486 1.089531 -0.964444 0.377881 0.157922 -0.912286
0.000000 1.089531 -1.043906 0.000000 0.157922 -0.987452
-0.399486 1.089531 -0.964444 -0.377881 0.157922 -0.912286
-0.738153 1.089531 -0.738153 -0.698234 0.157922 -0.698234
-0.964444 1.089531 -0.399486 -0.912286 0.157922 -0.377881
-1.043906 1.089531 0.000000 -0.987452 0.157922 -0.000000
-0.964444 1.089531 0.399486 -0.912286 0.157922 0.377881
-0.738153 1.089531 0.738153 -0.698234 0.157922 0.698234
-0.399486 1.089531 0.964444 -0.377881 0.157922 0.912286
-0.000000 1.089531 1.043906 -0.000000 0.157922 0.987452
0.399486 1.089531 0.964444 0.377881 0.157922 0.912286
0.738153 1.089531 0.738153 0.698234 0.157922 0.698234
0.964444 1.089531 0.399486 0.912286 0.157922 0.377881
1.062275 0.926475 0.000000 0.997181 0.075033 0.000000
0.981414 0.926475 -0.406515 0.921275 0.075033 -0.381605
0.751142 0.926475 -0.751142 0.705113 0.075033 -0.705113
0.406515 0.926475 -0.981414 0.381605 0.075033 -0.921275
0.000000 0.926475 -1.062275 0.000000 0.075033 -0.997181
-0.406515 0.926475 -0.981414 -0.381605 0.075033 -0.921275
-0.751142 0.926475 -0.751142 -0.705113 0.075033 -0.705113
-0.981414 0.926475 -0.406515 -0.921275 0.075033 -0.381605
-1.062275 0.926475 -0.000000 -0.997181 0.075033 -0.000000
-0.981414 0.926475 0.406515 -0.921275 0.075033 0.381605
-0.751142 0.926475 0.751142 -0.705113 0.075033 0.705113
-0.406515 0.926475 0.981414 -0.381605 0.075033 0.921275
0.000000 0.926475 1.062275 -0.000000 0.075033 0.997181
0.406515 0.926475 0.981414 0.381605 0.075033 0.921275
0.751142 0.926475 0.751142 0.705113 0.075033 0.705113
0.981414 0.926475 0.406515 0.921275 0.075033 0.381605
1.068750 0.756250 0.000000 0.999902 0.014012 0.000000
0.987396 0.756250 -0.408993 0.923789 0.014012 -0.382646
0.755720 0.756250 -0.755720 0.707037 0.014012 -0.707037
0.408993 0.756250 -0.987396 0.382646 0.014012 -0.923789
0.000000 0.756250 -1.068750 0.000000 0.014012 -0.999902
-0.408993 0.756250 -0.987396 -0.382646 0.014012 -0.923789
-0.755720 0.756250 -0.755720 -0.707037 0.014012 -0.707037
-0.987396 0.756250 -0.408993 -0.923789 0.014012 -0.382646
-1.068750 0.756250 0.000000 -0.999902 0.014012 -0.000000
-0.987396 0.756250 0.408993 -0.923789 0.014012 0.382646
-0.755720 0.756250 0.755720 -0.707037 0.014012 0.707037
-0.408993 0.756250 0.987396 -0.382646 0.014012 0.923789
-0.000000 0.756250 1.068750 -0.000000 0.014012 0.999902
0.408993 0.756250 0.987396 0.382646 0.014012 0.923789
0.755720 0.756250 0.755720 0.707037 0.014012 0.707037
0.987396 0.756250 0.408993 0.923789 0.014012 0.382646
1.067021 0.583291 -0.000000 0.999482 -0.032192 0.000000
0.985799 0.583291 -0.408331 0.923401 -0.032192 -0.382485
0.754498 0.583291 -0.754498 0.706740 -0.032192 -0.706740
0.408331 0.583291 -0.985799 0.382485 -0.032192 -0.923401
0.000000 0.583291 -1.067021 0.000000 -0.032192 -0.999482
-0.408331 0.583291 -0.985799 -0.382485 -0.032192 -0.923401
-0.754498 0.583291 -0.754498 -0.706740 -0.032192 -0.706740
-0.985799 0.583291 -0.408331 -0.923401 -0.032192 -0.382485
-1.067021 0.583291 -0.000000 -0.999482 -0.032192 -0.000000
-0.985799 0.583291 0.408331 -0.923401 -0.032192 0.382485
-0.754498 0.583291 0.754498 -0.706740 -0.032192 0.706740
-0.408331 0.583291 0.985799 -0.382485 -0.032192 0.923401
0.000000 0.583291 1.067021 -0.000000 -0.032192 0.999482
0.408331 0.583291 0.985799 0.382485 -0.032192 0.923401
0.754498 0.583291 0.754498 0.706740 -0.032192 0.706740
0.985799 0.583291 0.408331 0.923401 -0.032192 0.382485
1.057500 0.408438 0.000000 0.997186 -0.074974 0.000000
0.977003 0.408438 -0.404688 0.921279 -0.074974 -0.381606
0.747765 0.408438 -0.747765 0.705117 -0.074974 -0.705117
0.404688 0.408438 -0.977003 0.381606 -0.074974 -0.921279
0.000000 0.408438 -1.057500 0.000000 -0.074974 -0.997186
-0.404688 0.408438 -0.977003 -0.381606 -0.074974 -0.921279
-0.747765 0.408438 -0.747765 -0.705117 -0.074974 -0.705117
-0.977003 0.408438 -0.404688 -0.921279 -0.074974 -0.381606
-1.057500 0.408438 0.000000 -0.997186 -0.074974 -0.000000
-0.977003 0.408438 0.404688 -0.921279 -0.074974 0.381606
-0.747765 0.408438 0.747765 -0.705117 -0.074974 0.705117
-0.404688 0.408438 0.977003 -0.381606 -0.074974 0.921279
-0.000000 0.408438 1.057500 -0.000000 -0.074974 0.997186
0.404688 0.408438 0.977003 0.381606 -0.074974 0.921279
0.747765 0.408438 0.747765 0.705117 -0.074974 0.705117
0.977003 0.408438 0.404688 0.921279 -0.074974 0.381606
1.040625 0.232617 0.000000 0.994249 -0.107098 0.000000
0.961412 0.232617 -0.398230 0.918566 -0.107098 -0.380482
0.735833 0.232617 -0.735833 0.703040 -0.107098 -0.703040
0.398230 0.232617 -0.961412 0.380482 -0.107098 -0.918566
0.000000 0.232617 -1.040625 0.000000 -0.107098 -0.994249
-0.398230 0.232617 -0.961412 -0.380482 -0.107098 -0.918566
-0.735833 0.232617 -0.735833 -0.703040 -0.107098 -0.703040
-0.961412 0.232617 -0.398230 -0.918566 -0.107098 -0.380482
-1.040625 0.232617 -0.000000 -0.994249 -0.107098 -0.000000
-0.961412 0.232617 0.398230 -0.918566 -0.107098 0.380482
-0.735833 0.232617 0.735833 -0.703040 -0.107098 0.703040
-0.398230 0.232617 0.961412 -0.380482 -0.107098 0.918566
0.000000 0.232617 1.040625 -0.000000 -0.107098 0.994249
0.398230 0.232617 0.961412 0.380482 -0.107098 0.918566
0.735833 0.232617 0.735833 0.703040 -0.107098 0.703040
0.961412 0.232617 0.398230 0.918566 -0.107098 0.380482
1.020000 0.060000 0.000000 0.993059 -0.117617 0.000000
0.942357 0.060000 -0.390337 0.917467 -0.117617 -0.380027
0.721249 0.060000 -0.721249 0.702199 -0.117617 -0.702199
0.390337 0.060000 -0.942357 0.380027 -0.117617 -0.917467
0.000000 0.060000 -1.020000 0.000000 -0.117617 -0.993059
-0.390337 0.060000 -0.942357 -0.380027 -0.117617 -0.917467
-0.721249 0.060000 -0.721249 -0.702199 -0.117617 -0.702199
-0.942357 0.060000 -0.390337 -0.917467 -0.117617 -0.380027
-1.020000 0.060000 -0.000000 -0.993059 -0.117617 -0.000000
-0.942357 0.060000 0.390337 -0.917467 -0.117617 0.380027
-0.721249 0.060000 0.721249 -0.702199 -0.117617 0.702199
-0.390337 0.060000 0.942357 -0.380027 -0.117617 0.917467
-0.000000 0.060000 1.020000 -0.000000 -0.117617 0.993059
0.390337 0.060000 0.942357 0.380027 -0.117617 0.917467
0.721249 0.060000 0.721249 0.702199 -0.117617 0.702199
0.942357 0.060000 0.390337 0.917467 -0.117617 0.380027
1.000781 -0.103711 -0.000000 0.991883 -0.127152 0.000000
0.924601 -0.103711 -0.382982 0.916381 -0.127152 -0.379577
0.707659 -0.103711 -0.707659 0.701367 -0.127152 -0.701367
0.382982 -0.103711 -0.924601 0.379577 -0.127152 -0.916381
0.000000 -0.103711 -1.000781 0.000000 -0.127152 -0.991883
-0.382982 -0.103711 -0.924601 -0.379577 -0.127152 -0.916381
-0.707659 -0.103711 -0.707659 -0.701367 -0.127152 -0.701367
-0.924601 -0.103711 -0.382982 -0.916381 -0.127152 -0.379577
-1.000781 -0.103711 -0.000000 -0.991883 -0.127152 -0.000000
-0.924601 -0.103711 0.382982 -0.916381 -0.127152 0.379577
-0.707659 -0.103711 0.707659 -0.701367 -0.127152 0.701367
-0.382982 -0.103711 0.924601 -0.379577 -0.127152 0.916381
0.000000 -0.103711 1.000781 -0.000000 -0.127152 0.991883
0.382982 -0.103711 0.924601 0.379577 -0.127152 0.916381
0.707659 -0.103711 0.707659 0.701367 -0.127152 0.701367
0.924601 -0.103711 0.382982 0.916381 -0.127152 0.379577
0.978750 -0.262187 0.000000 0.987821 -0.155597 0.000000
0.904247 -0.262187 -0.374551 0.912627 -0.155597 -0.378023
0.692081 -0.262187 -0.692081 0.698495 -0.155597 -0.698495
0.374551 -0.262187 -0.904247 0.378023 -0.155597 -0.912627
0.000000 -0.262187 -0.978750 0.000000 -0.155597 -0.987821
-0.374551 -0.262187 -0.904247 -0.378023 -0.155597 -0.912627
-0.692081 -0.262187 -0.692081 -0.698495 -0.155597 -0.698495
-0.904247 -0.262187 -0.374551 -0.912627 -0.155597 -0.378023
-0.978750 -0.262187 -0.000000 -0.987821 -0.155597 -0.000000
-0.904247 -0.262187 0.374551 -0.912627 -0.155597 0.378023
-0.692081 -0.262187 0.692081 -0.698495 -0.155597 0.698495
-0.374551 -0.262187 0.904247 -0.378023 -0.155597 0.912627
-0.000000 -0.262187 0.978750 -0.000000 -0.155597 0.987821
0.374551 -0.262187 0.904247 0.378023 -0.155597 0.912627
0.692081 -0.262187 0.692081 0.698495 -0.155597 0.698495
0.904247 -0.262187 0.374551 0.912627 -0.155597 0.378023
0.951475 -0.417061 0.000000 0.981355 -0.192201 0.000000
0.879048 -0.417061 -0.364114 0.906654 -0.192201 -0.375548
0.672794 -0.417061 -0.672794 0.693923 -0.192201 -0.693923
0.364114 -0.417061 -0.879048 0.375548 -0.192201 -0.906654
0.000000 -0.417061 -0.951475 0.000000 -0.192201 -0.981355
-0.364114 -0.417061 -0.879048 -0.375548 -0.192201 -0.906654
-0.672794 -0.417061 -0.672794 -0.693923 -0.192201 -0.693923
-0.879048 -0.417061 -0.364114 -0.906654 -0.192201 -0.375548
-0.951475 -0.417061 -0.000000 -0.981355 -0.192201 -0.000000
-0.879048 -0.417061 0.364114 -0.906654 -0.192201 0.375548
-0.672794 -0.417061 0.672794 -0.693923 -0.192201 0.693923
-0.364114 -0.417061 0.879048 -0.375548 -0.192201 0.906654
0.000000 -0.417061 0.951475 -0.000000 -0.192201 0.981355
0.364114 -0.417061 0.879048 0.375548 -0.192201 0.906654
0.672794 -0.417061 0.672794 0.693923 -0.192201 0.693923
0.879048 -0.417061 0.364114 0.906654 -0.192201 0.375548
0.918750 -0.568750 0.000000 0.972909 -0.231188 0.000000
0.848814 -0.568750 -0.351590 0.898851 -0.231188 -0.372316
0.649654 -0.568750 -0.649654 0.687951 -0.231188 -0.687951
0.351590 -0.568750 -0.848814 0.372316 -0.231188 -0.898851
0.000000 -0.568750 -0.918750 0.000000 -0.231188 -0.972909
-0.351590 -0.568750 -0.848814 -0.372316 -0.231188 -0.898851
-0.649654 -0.568750 -0.649654 -0.687951 -0.231188 -0.687951
-0.848814 -0.568750 -0.351590 -0.898851 -0.231188 -0.372316
-0.918750 -0.568750 -0.000000 -0.972909 -0.231188 -0.000000
-0.848814 -0.568750 0.351590 -0.898851 -0.231188 0.372316
-0.649654 -0.568750 0.649654 -0.687951 -0.231188 0.687951
-0.351590 -0.568750 0.848814 -0.372316 -0.231188 0.898851
0.000000 -0.568750 0.918750 -0.000000 -0.231188 0.972909
0.351590 -0.568750 0.848814 0.372316 -0.231188 0.898851
0.649654 -0.568750 0.649654 0.687951 -0.231188 0.687951
0.848814 -0.568750 0.351590 0.898851 -0.231188 0.372316
0.879697 -0.719111 -0.000000 0.961421 -0.275080 0.000000
0.812734 -0.719111 -0.336646 0.888237 -0.275080 -0.367920
0.622040 -0.719111 -0.622040 0.679827 -0.275080 -0.679827
0.336646 -0.719111 -0.812734 0.367920 -0.275080 -0.888237
0.000000 -0.719111 -0.879697 0.000000 -0.275080 -0.961421
-0.336646 -0.719111 -0.812734 -0.367920 -0.275080 -0.888237
-0.622040 -0.719111 -0.622040 -0.679827 -0.275080 -0.679827
-0.812734 -0.719111 -0.336646 -0.888237 -0.275080 -0.367920
-0.879697 -0.719111 -0.000000 -0.961421 -0.275080 -0.000000
-0.812734 -0.719111 0.336646 -0.888237 -0.275080 0.367920
-0.622040 -0.719111 0.622040 -0.679827 -0.275080 0.679827
-0.336646 -0.719111 0.812734 -0.367920 -0.275080 0.888237
-0.000000 -0.719111 0.879697 -0.000000 -0.275080 0.961421
0.336646 -0.719111 0.812734 0.367920 -0.275080 0.888237
0.622040 -0.719111 0.622040 0.679827 -0.275080 0.679827
0.812734 -0.719111 0.336646 0.888237 -0.275080 0.367920
0.833906 -0.865469 0.000000 0.946064 -0.323981 0.000000
0.770429 -0.865469 -0.319122 0.874049 -0.323981 -0.362043
0.589661 -0.865469 -0.589661 0.668968 -0.323981 -0.668968
0.319122 -0.865469 -0.770429 0.362043 -0.323981 -0.874049
-0.000000 -0.865469 -0.833906 0.000000 -0.323981 -0.946064
-0.319122 -0.865469 -0.770429 -0.362043 -0.323981 -0.874049
-0.589661 -0.865469 -0.589661 -0.668968 -0.323981 -0.668968
-0.770429 -0.865469 -0.319122 -0.874049 -0.323981 -0.362043
-0.833906 -0.865469 -0.000000 -0.946064 -0.323981 -0.000000
-0.770429 -0.865469 0.319122 -0.874049 -0.323981 0.362043
-0.589661 -0.865469 0.589661 -0.668968 -0.323981 0.668968
-0.319122 -0.865469 0.770429 -0.362043 -0.323981 0.874049
-0.000000 -0.865469 0.833906 -0.000000 -0.323981 0.946064
0.319122 -0.865469 0.770429 0.362043 -0.323981 0.874049
0.589661 -0.865469 0.589661 0.668968 -0.323981 0.668968
0.770429 -0.865469 0.319122 0.874049 -0.323981 0.362043
0.781348 -1.006543 0.000000 0.923469 -0.383674 0.000000
0.721871 -1.006543 -0.299009 0.853174 -0.383674 -0.353396
0.552496 -1.006543 -0.552496 0.652991 -0.383674 -0.652991
0.299009 -1.006543 -0.721871 0.353396 -0.383674 -0.853174
0.000000 -1.006543 -0.781348 0.000000 -0.383674 -0.923469
-0.299009 -1.006543 -0.721871 -0.353396 -0.383674 -0.853174
-0.552496 -1.006543 -0.552496 -0.652991 -0.383674 -0.652991
-0.721871 -1.006543 -0.299009 -0.853174 -0.383674 -0.353396
-0.781348 -1.006543 0.000000 -0.923469 -0.383674 -0.000000
-0.721871 -1.006543 0.299009 -0.853174 -0.383674 0.353396
-0.552496 -1.006543 0.552496 -0.652991 -0.383674 0.652991
-0.299009 -1.006543 0.721871 -0.353396 -0.383674 0.853174
-0.000000 -1.006543 0.781348 -0.000000 -0.383674 0.923469
0.299009 -1.006543 0.721871 0.353396 -0.383674 0.853174
0.552496 -1.006543 0.552496 0.652991 -0.383674 0.652991
0.721871 -1.006543 0.299009 0.853174 -0.383674 0.353396
0.720000 -1.140000 0.000000 0.883523 -0.468389 0.000000
0.665193 -1.140000 -0.275532 0.816268 -0.468389 -0.338109
0.509117 -1.140000 -0.509117 0.624745 -0.468389 -0.624745
0.275532 -1.140000 -0.665193 0.338109 -0.468389 -0.816268
0.000000 -1.140000 -0.720000 0.000000 -0.468389 -0.883523
-0.275532 -1.140000 -0.665193 -0.338109 -0.468389 -0.816268
-0.509117 -1.140000 -0.509117 -0.624745 -0.468389 -0.624745
-0.665193 -1.140000 -0.275532 -0.816268 -0.468389 -0.338109
-0.720000 -1.140000 -0.000000 -0.883523 -0.468389 -0.000000
-0.665193 -1.140000 0.275532 -0.816268 -0.468389 0.338109
-0.509117 -1.140000 0.509117 -0.624745 -0.468389 0.624745
-0.275532 -1.140000 0.665193 -0.338109 -0.468389 0.816268
0.000000 -1.140000 0.720000 -0.000000 -0.468389 0.883523
0.275532 -1.140000 0.665193 0.338109 -0.468389 0.816268
0.509117 -1.140000 0.509117 0.624745 -0.468389 0.624745
0.665193 -1.140000 0.275532 0.816268 -0.468389 0.338109
0.646465 -1.261582 -0.000000 0.835214 -0.549925 0.000000
0.597256 -1.261582 -0.247391 0.771637 -0.549925 -0.319623
0.457120 -1.261582 -0.457120 0.590586 -0.549925 -0.590586
0.247391 -1.261582 -0.597256 0.319623 -0.549925 -0.771637
0.000000 -1.261582 -0.646465 0.000000 -0.549925 -0.835214
-0.247391 -1.261582 -0.597256 -0.319623 -0.549925 -0.771637
-0.457120 -1.261582 -0.457120 -0.590586 -0.549925 -0.590586
-0.597256 -1.261582 -0.247391 -0.771637 -0.549925 -0.319623
-0.646465 -1.261582 -0.000000 -0.835214 -0.549925 -0.000000
-0.597256 -1.261582 0.247391 -0.771637 -0.549925 0.319623
-0.457120 -1.261582 0.457120 -0.590586 -0.549925 0.590586
-0.247391 -1.261582 0.597256 -0.319623 -0.549925 0.771637
-0.000000 -1.261582 0.646465 -0.000000 -0.549925 0.835214
0.247391 -1.261582 0.597256 0.319623 -0.549925 0.771637
0.457120 -1.261582 0.457120 0.590586 -0.549925 0.590586
0.597256 -1.261582 0.247391 0.771637 -0.549925 0.319623
0.564844 -1.375781 -0.000000 0.798336 -0.602212 0.000000
0.521848 -1.375781 -0.216156 0.737566 -0.602212 -0.305510
0.399405 -1.375781 -0.399405 0.564509 -0.602212 -0.564509
0.216156 -1.375781 -0.521848 0.305510 -0.602212 -0.737566
-0.000000 -1.375781 -0.564844 0.000000 -0.602212 -0.798336
-0.216156 -1.375781 -0.521848 -0.305510 -0.602212 -0.737566
-0.399405 -1.375781 -0.399405 -0.564509 -0.602212 -0.564509
-0.521848 -1.375781 -0.216156 -0.737566 -0.602212 -0.305510
-0.564844 -1.375781 -0.000000 -0.798336 -0.602212 -0.000000
-0.521848 -1.375781 0.216156 -0.737566 -0.602212 0.305510
-0.399405 -1.375781 0.399405 -0.564509 -0.602212 0.564509
-0.216156 -1.375781 0.521848 -0.305510 -0.602212 0.737566
-0.000000 -1.375781 0.564844 -0.000000 -0.602212 0.798336
0.216156 -1.375781 0.521848 0.305510 -0.602212 0.737566
0.399405 -1.375781 0.399405 0.564509 -0.602212 0.564509
0.521848 -1.375781 0.216156 0.737566 -0.602212 0.305510
0.477715 -1.485313 0.000000 0.769907 -0.638156 0.000000
0.441351 -1.485313 -0.182814 0.711301 -0.638156 -0.294631
0.337795 -1.485313 -0.337795 0.544406 -0.638156 -0.544406
0.182814 -1.485313 -0.441351 0.294631 -0.638156 -0.711301
0.000000 -1.485313 -0.477715 0.000000 -0.638156 -0.769907
-0.182814 -1.485313 -0.441351 -0.294631 -0.638156 -0.711301
-0.337795 -1.485313 -0.337795 -0.544406 -0.638156 -0.544406
-0.441351 -1.485313 -0.182814 -0.711301 -0.638156 -0.294631
-0.477715 -1.485313 0.000000 -0.769907 -0.638156 -0.000000
-0.441351 -1.485313 0.182814 -0.711301 -0.638156 0.294631
-0.337795 -1.485313 0.337795 -0.544406 -0.638156 0.544406
-0.182814 -1.485313 0.441351 -0.294631 -0.638156 0.711301
-0.000000 -1.485313 0.477715 -0.000000 -0.638156 0.769907
0.182814 -1.485313 0.441351 0.294631 -0.638156 0.711301
0.337795 -1.485313 0.337795 0.544406 -0.638156 0.544406
0.441351 -1.485313 0.182814 0.711301 -0.638156 0.294631
0.386250 -1.591250 0.000000 0.750370 -0.661018 0.000000
0.356848 -1.591250 -0.147811 0.693251 -0.661018 -0.287154
0.273120 -1.591250 -0.273120 0.530592 -0.661018 -0.530592
0.147811 -1.591250 -0.356848 0.287154 -0.661018 -0.693251
0.000000 -1.591250 -0.386250 0.000000 -0.661018 -0.750370
-0.147811 -1.591250 -0.356848 -0.287154 -0.661018 -0.693251
-0.273120 -1.591250 -0.273120 -0.530592 -0.661018 -0.530592
-0.356848 -1.591250 -0.147811 -0.693251 -0.661018 -0.287154
-0.386250 -1.591250 -0.000000 -0.750370 -0.661018 -0.000000
-0.356848 -1.591250 0.147811 -0.693251 -0.661018 0.287154
-0.273120 -1.591250 0.273120 -0.530592 -0.661018 0.530592
-0.147811 -1.591250 0.356848 -0.287154 -0.661018 0.693251
0.000000 -1.591250 0.386250 -0.000000 -0.661018 0.750370
0.147811 -1.591250 0.356848 0.287154 -0.661018 0.693251
0.273120 -1.591250 0.273120 0.530592 -0.661018 0.530592
0.356848 -1.591250 0.147811 0.693251 -0.661018 0.287154
0.292441 -1.695625 -0.000000 0.737043 -0.675846 0.000000
0.270181 -1.695625 -0.111912 0.680939 -0.675846 -0.282054
0.206787 -1.695625 -0.206787 0.521168 -0.675846 -0.521168
0.111912 -1.695625 -0.270181 0.282054 -0.675846 -0.680939
0.000000 -1.695625 -0.292441 0.000000 -0.675846 -0.737043
-0.111912 -1.695625 -0.270181 -0.282054 -0.675846 -0.680939
-0.206787 -1.695625 -0.206787 -0.521168 -0.675846 -0.521168
-0.270181 -1.695625 -0.111912 -0.680939 -0.675846 -0.282054
-0.292441 -1.695625 -0.000000 -0.737043 -0.675846 -0.000000
-0.270181 -1.695625 0.111912 -0.680939 -0.675846 0.282054
-0.206787 -1.695625 0.206787 -0.521168 -0.675846 0.521168
-0.111912 -1.695625 0.270181 -0.282054 -0.675846 0.680939
-0.000000 -1.695625 0.292441 -0.000000 -0.675846 0.737043
0.111912 -1.695625 0.270181 0.282054 -0.675846 0.680939
0.206787 -1.695625 0.206787 0.521168 -0.675846 0.521168
0.270181 -1.695625 0.111912 0.680939 -0.675846 0.282054
0.196406 -1.798281 0.000000 0.724695 -0.689070 0.000000
0.181456 -1.798281 -0.075161 0.669531 -0.689070 -0.277329
0.138880 -1.798281 -0.138880 0.512436 -0.689070 -0.512436
0.075161 -1.798281 -0.181456 0.277329 -0.689070 -0.669531
-0.000000 -1.798281 -0.196406 0.000000 -0.689070 -0.724695
-0.075161 -1.798281 -0.181456 -0.277329 -0.689070 -0.669531
-0.138880 -1.798281 -0.138880 -0.512436 -0.689070 -0.512436
-0.181456 -1.798281 -0.075161 -0.669531 -0.689070 -0.277329
-0.196406 -1.798281 -0.000000 -0.724695 -0.689070 -0.000000
-0.181456 -1.798281 0.075161 -0.669531 -0.689070 0.277329
-0.138880 -1.798281 0.138880 -0.512436 -0.689070 0.512436
-0.075161 -1.798281 0.181456 -0.277329 -0.689070 0.669531
-0.000000 -1.798281 0.196406 -0.000000 -0.689070 0.724695
0.075161 -1.798281 0.181456 0.277329 -0.689070 0.669531
0.138880 -1.798281 0.138880 0.512436 -0.689070 0.512436
0.181456 -1.798281 0.075161 0.669531 -0.689070 0.277329
0.098613 -1.899473 0.000000 0.716479 -0.697608 0.000000
0.091107 -1.899473 -0.037738 0.661940 -0.697608 -0.274185
0.069730 -1.899473 -0.069730 0.506627 -0.697608 -0.506627
0.037738 -1.899473 -0.091107 0.274185 -0.697608 -0.661940
0.000000 -1.899473 -0.098613 0.000000 -0.697608 -0.716479
-0.037738 -1.899473 -0.091107 -0.274185 -0.697608 -0.661940
-0.069730 -1.899473 -0.069730 -0.506627 -0.697608 -0.506627
-0.091107 -1.899473 -0.037738 -0.661940 -0.697608 -0.274185
-0.098613 -1.899473 0.000000 -0.716479 -0.697608 -0.000000
-0.091107 -1.899473 0.037738 -0.661940 -0.697608 0.274185
-0.069730 -1.899473 0.069730 -0.506627 -0.697608 0.506627
-0.037738 -1.899473 0.091107 -0.274185 -0.697608 0.661940
-0.000000 -1.899473 0.098613 -0.000000 -0.697608 0.716479
0.037738 -1.899473 0.091107 0.274185 -0.697608 0.661940
0.069730 -1.899473 0.069730 0.506627 -0.697608 0.506627
0.091107 -1.899473 0.037738 0.661940 -0.697608 0.274185
0.000000 -2.000000 0.000000 0.713870 -0.700278 0.000000
0.000000 -2.000000 -0.000000 0.659530 -0.700278 -0.273186
0.000000 -2.000000 -0.000000 0.504782 -0.700278 -0.504782
0.000000 -2.000000 -0.000000 0.273186 -0.700278 -0.659530
0.000000 -2.000000 -0.000000 0.000000 -0.700278 -0.713870
-0.000000 -2.000000 -0.000000 -0.273186 -0.700278 -0.659530
-0.000000 -2.000000 -0.000000 -0.504782 -0.700278 -0.504782
-0.000000 -2.000000 -0.000000 -0.659530 -0.700278 -0.273186
-0.000000 -2.000000 -0.000000 -0.713870 -0.700278 -0.000000
-0.000000 -2.000000 0.000000 -0.659530 -0.700278 0.273186
-0.000000 -2.000000 0.000000 -0.504782 -0.700278 0.504782
-0.000000 -2.000000 0.000000 -0.273186 -0.700278 0.659530
0.000000 -2.000000 0.000000 -0.000000 -0.700278 0.713870
0.000000 -2.000000 0.000000 0.273186 -0.700278 0.659530
0.000000 -2.000000 0.000000 0.504782 -0.700278 0.504782
0.000000 -2.000000 0.000000 0.659530 -0.700278 0.273186
Quads
0 16 17 1
1 17 18 2
2 18 19 3
3 19 20 4
4 20 21 5
5 21 22 6
6 22 23 7
7 23 24 8
8 24 25 9
9 25 26 10
10 26 27 11
11 27 28 12
12 28 29 13
13 29 30 14
14 30 31 15
15 31 16 0
16 32 33 17
17 33 34 18
18 34 35 19
19 35 36 20
20 36 37 21
21 37 38 22
22 38 39 23
23 39 40 24
24 40 41 25
25 41 42 26
26 42 43 27
27 43 44 28
28 44 45 29
29 45 46 30
30 46 47 31
31 47 32 16
32 48 49 33
33 49 50 34
34 50 51 35
35 51 52 36
36 52 53 37
37 53 54 38
38 54 55 39
39 55 56 40
40 56 57 41
41 57 58 42
42 58 59 43
43 59 60 44
44 60 61 45
45 61 62 46
46 62 63 47
47 63 48 32
48 64 65 49
49 65 66 50
50 66 67 51
51 67 68 52
52 68 69 53
53 69 70 54
54 70 71 55
55 71 72 56
56 72 73 57
57 73 74 58
58 74 75 59
59 75 76 60
60 76 77 61
61 77 78 62
62 78 79 63
63 79 64 48
64 80 81 65
65 81 82 66
66 82 83 67
67 83 84 68
68 84 85 69
69 85 86 70
70 86 87 71
71 87 88 72
72 88 89 73
73 89 90 74
74 90 91 75
75 91 92 76
76 92 93 77
77 93 94 78
78 94 95 79
79 95 80 64
80 96 97 81
81 97 98 82
82 98 99 83
83 99 100 84
84 100 101 85
85 101 102 86
86 102 103 87
87 103 104 88
88 104 105 89
89 105 106 90
90 106 107 91
91 107 108 92
92 108 109 93
93 109 110 94
94 110 111 95
95 111 96 80
96 112 113 97
97 113 114 98
98 114 115 99
99 115 116 100
100 116 117 101
101 117 118 102
102 118 119 103
103 119 120 104
104 120 121 105
105 121 122 106
106 122 123 107
107 123 124 108
108 124 125 109
109 125 126 110
110 126 127 111
111 127 112 96
112 128 129 113
113 129 130 114
114 130 131 115
115 131 132 116
116 132 133 117
117 133 134 118
118 134 135 119
119 135 136 120
120 136 137 121
121 137 138 122
122 138 139 123
123 139 140 124
124 140 141 125
125 141 142 126
126 142 143 127
127 143 128 112
128 144 145 129
129 145 146 130
130 146 147 131
131 147 148 132
132 148 149 133
133 149 150 134
134 150 151 135
135 151 152 136
136 152 153 137
137 153 154 138
138 154 155 139
139 155 156 140
140 156 157 141
141 157 158 142
142 158 159 143
143 159 144 128
144 160 161 145
145 161 162 146
146 162 163 147
147 163 164 148
148 164 165 149
149 165 166 150
150 166 167 151
151 167 168 152
152 168 169 153
153 169 170 154
154 170 171 155
155 171 172 156
156 172 173 157
157 173 174 158
158 174 175 159
159 175 160 144
160 176 177 161
161 177 178 162
162 178 179 163
163 179 180 164
164 180 181 165
165 181 182 166
166 182 183 167
167 183 184 168
168 184 185 169
169 185 186 170
170 186 187 171
171 187 188 172
172 188 189 173
173 189 190 174
174 190 191 175
175 191 176 160
176 192 193 177
177 193 194 178
178 194 195 179
179 195 196 180
180 196 197 181
181 197 198 182
182 198 199 183
183 199 200 184
184 200 201 185
185 201 202 186
186 202 203 187
187 203 204 188
188 204 205 189
189 205 206 190
190 206 207 191
191 207 192 176
192 208 209 193
193 209 210 194
194 210 211 195
195 211 212 196
196 212 213 197
197 213 214 198
198 214 215 199
199 215 216 200
200 216 217 201
201 217 218 202
202 218 219 203
203 219 220 204
204 220 221 205
205 221 222 206
206 222 223 207
207 223 208 192
208 224 225 209
209 225 226 210
210 226 227 211
211 227 228 212
212 228 229 213
213 229 230 214
214 230 231 215
215 231 232 216
216 232 233 217
217 233 234 218
218 234 235 219
219 235 236 220
220 236 237 221
221 237 238 222
222 238 239 223
223 239 224 208
224 240 241 225
225 241 242 226
226 242 243 227
227 243 244 228
228 244 245 229
229 245 246 230
230 246 247 231
231 247 248 232
232 248 249 233
233 249 250 234
234 250 251 235
235 251 252 236
236 252 253 237
237 253 254 238
238 254 255 239
239 255 240 224
240 256 257 241
241 257 258 242
242 258 259 243
243 259 260 244
244 260 261 245
245 261 262 246
246 262 263 247
247 263 264 248
248 264 265 249
249 265 266 250
250 266 267 251
251 267 268 252
252 268 269 253
253 269 270 254
254 270 271 255
255 271 256 240
256 272 273 257
257 273 274 258
258 274 275 259
259 275 276 260
260 276 277 261
261 277 278 262
262 278 279 263
263 279 280 264
264 280 281 265
265 281 282 266
266 282 283 267
267 283 284 268
268 284 285 269
269 285 286 270
270 286 287 271
271 287 272 256
272 288 289 273
273 289 290 274
274 290 291 275
275 291 292 276
276 292 293 277
277 293 294 278
278 294 295 279
279 295 296 280
280 296 297 281
281 297 298 282
282 298 299 283
283 299 300 284
284 300 301 285
285 301 302 286
286 302 303 287
287 303 288 272
288 304 305 289
289 305 306 290
290 306 307 291
291 307 308 292
292 308 309 293
293 309 310 294
294 310 311 295
295 311 312 296
296 312 313 297
297 313 314 298
298 314 315 299
299 315 316 300
300 316 317 301
301 317 318 302
302 318 319 303
303 319 304 288
304 320 321 305
305 321 322 306
306 322 323 307
307 323 324 308
308 324 325 309
309 325 326 310
310 326 327 311
311 327 328 312
312 328 329 313
313 329 330 314
314 330 331 315
315 331 332 316
316 332 333 317
317 333 334 318
318 334 335 319
319 335 320 304
320 336 337 321
321 337 338 322
322 338 339 323
323 339 340 324
324 340 341 325
325 341 342 326
326 342 343 327
327 343 344 328
328 344 345 329
329 345 346 330
330 346 347 331
331 347 348 332
332 348 349 333
333 349 350 334
334 350 351 335
335 351 336 320
336 352 353 337
337 353 354 338
338 354 355 339
339 355 356 340
340 356 357 341
341 357 358 342
342 358 359 343
343 359 360 344
344 360 361 345
345 361 362 346
346 362 363 347
347 363 364 348
348 364 365 349
349 365 366 350
350 366 367 351
351 367 352 336
352 368 369 353
353 369 370 354
354 370 371 355
355 371 372 356
356 372 373 357
357 373 374 358
358 374 375 359
359 375 376 360
360 376 377 361
361 377 378 362
362 378 379 363
363 379 380 364
364 380 381 365
365 381 382 366
366 382 383 367
367 383 368 352
368 384 385 369
369 385 386 370
370 386 387 371
371 387 388 372
372 388 389 373
373 389 390 374
374 390 391 375
375 391 392 376
376 392 393 377
377 393 394 378
378 394 395 379
379 395 396 380
380 396 397 381
381 397 398 382
382 398 399 383
383 399 384 368
384 400 401 385
385 401 402 386
386 402 403 387
387 403 404 388
388 404 405 389
389 405 406 390
390 406 407 391
391 407 408 392
392 408 409 393
393 409 410 394
394 410 411 395
395 411 412 396
396 412 413 397
397 413 414 398
398 414 415 399
399 415 400 384
400 416 417 401
401 417 418 402
402 418 419 403
403 419 420 404
404 420 421 405
405 421 422 406
406 422 423 407
407 423 424 408
408 424 425 409
409 425 426 410
410 426 427 411
411 427 428 412
412 428 429 413
413 429 430 414
414 430 431 415
415 431 416 400
416 432 433 417
417 433 434 418
418 434 435 419
419 435 436 420
420 436 437 421
421 437 438 422
422 438 439 423
423 439 440 424
424 440 441 425
425 441 442 426
426 442 443 427
427 443 444 428
428 444 445 429
429 445 446 430
430 446 447 431
431 447 432 416
432 448 449 433
433 449 450 434
434 450 451 435
435 451 452 436
436 452 453 437
437 453 454 438
438 454 455 439
439 455 456 440
440 456 457 441
441 457 458 442
442 458 459 443
443 459 460 444
444 460 461 445
445 461 462 446
446 462 463 447
447 463 448 432
448 464 465 449
449 465 466 450
450 466 467 451
451 467 468 452
452 468 469 453
453 469 470 454
454 470 471 455
455 471 472 456
456 472 473 457
457 473 474 458
458 474 475 459
459 475 476 460
460 476 477 461
461 477 478 462
462 478 479 463
463 479 464 448
464 480 481 465
465 481 482 466
466 482 483 467
467 483 484 468
468 484 485 469
469 485 486 470
470 486 487 471
471 487 488 472
472 488 489 473
473 489 490 474
474 490 491 475
475 491 492 476
476 492 493 477
477 493 494 478
478 494 495 479
479 495 480 464
480 496 497 481
481 497 498 482
482 498 499 483
483 499 500 484
484 500 501 485
485 501 502 486
486 502 503 487
487 503 504 488
488 504 505 489
489 505 506 490
490 506 507 491
491 507 508 492
492 508 509 493
493 509 510 494
494 510 511 495
495 511 496 480
496 512 513 497
497 513 514 498
498 514 515 499
499 515 516 500
500 516 517 501
501 517 518 502
502 518 519 503
503 519 520 504
504 520 521 505
505 521 522 506
506 522 523 507
507 523 524 508
508 524 525 509
509 525 526 510
510 526 527 511
511 527 512 496
